{
  "advancedEditorSelectedIdentifier" : "ProjectBrowser",
  "openSceneRelativePaths" : [
    "test.usda",
    "Scene.usda",
    "SceneRocket.usda"
  ],
  "recentIdentifiers" : {
    "4CDF9710-879C-4241-AA64-10522DC5D149" : [

    ],
    "813577E4-7081-4E99-81C0-C7DD5E17BD36" : [

    ]
  },
  "sceneCameraHistory" : {
    "4CDF9710-879C-4241-AA64-10522DC5D149" : [
      {
        "date" : 729628651.283371,
        "title" : "Untitled",
        "transform" : [
          0.9886485,
          -1.6041395e-09,
          0.1502468,
          0,
          0.0751234,
          0.8660253,
          -0.4943242,
          0,
          -0.13011755,
          0.5,
          0.8561948,
          0,
          -0.07793578,
          0.26765835,
          0.56926125,
          1
        ]
      },
      {
        "date" : 729628644.055615,
        "title" : "Untitled",
        "transform" : [
          0.9886485,
          -1.6041395e-09,
          0.1502468,
          0,
          0.0751234,
          0.8660253,
          -0.4943242,
          0,
          -0.13011755,
          0.5,
          0.8561948,
          0,
          -0.017399944,
          0.05975741,
          0.12709329,
          1
        ]
      },
      {
        "date" : 729626936.184736,
        "title" : "Untitled",
        "transform" : [
          0.98864853,
          0,
          0.1502468,
          0,
          0.07512339,
          0.8660254,
          -0.49432424,
          0,
          -0.13011755,
          0.49999994,
          0.8561947,
          0,
          -0.041429196,
          0.5032921,
          0.49469936,
          1
        ]
      },
      {
        "date" : 729626931.725382,
        "title" : "Untitled",
        "transform" : [
          0.9914402,
          0,
          -0.13056183,
          0,
          -0.06528092,
          0.8660254,
          -0.49572006,
          0,
          0.113069855,
          0.49999994,
          0.85861236,
          0,
          0.5479325,
          1.0319481,
          1.3455558,
          1
        ]
      },
      {
        "date" : 729626921.100946,
        "title" : "Untitled",
        "transform" : [
          0.9981768,
          0,
          0.060357604,
          0,
          0.03017879,
          0.8660254,
          -0.49908838,
          0,
          -0.05227122,
          0.49999994,
          0.86444646,
          0,
          -0.008865154,
          0.5030114,
          0.9214301,
          1
        ]
      },
      {
        "date" : 729626904.507216,
        "title" : "Untitled",
        "transform" : [
          0.27765507,
          0,
          -0.9606808,
          0,
          -0.48034036,
          0.8660254,
          -0.13882753,
          0,
          0.83197397,
          0.49999994,
          0.24045636,
          0,
          1.3089472,
          0.6811413,
          0.36621946,
          1
        ]
      },
      {
        "date" : 729626897.355091,
        "title" : "Untitled",
        "transform" : [
          0.99999994,
          0,
          0,
          0,
          0,
          0.8660254,
          -0.49999994,
          0,
          0,
          0.49999994,
          0.8660254,
          0,
          -0.031683236,
          0.306424,
          0.5110102,
          1
        ]
      },
      {
        "date" : 729626834.802307,
        "title" : "Untitled",
        "transform" : [
          0.99999994,
          0,
          0,
          0,
          0,
          0.8660254,
          -0.49999994,
          0,
          0,
          0.49999994,
          0.8660254,
          0,
          -0.0005843122,
          0.1086389,
          0.19419995,
          1
        ]
      },
      {
        "date" : 729626830.177715,
        "title" : "Untitled",
        "transform" : [
          0.99999994,
          0,
          -0,
          0,
          -0,
          0.8660254,
          -0.49999994,
          0,
          0,
          0.49999994,
          0.8660254,
          0,
          0,
          0.20467031,
          0.35449937,
          1
        ]
      }
    ],
    "813577E4-7081-4E99-81C0-C7DD5E17BD36" : [
      {
        "date" : 729629133.605897,
        "title" : "Untitled",
        "transform" : [
          0.99844277,
          -8.257134e-09,
          0.055784617,
          0,
          0.027235346,
          0.872719,
          -0.48746258,
          0,
          -0.04868427,
          0.48822278,
          0.8713601,
          0,
          -0.015523071,
          0.12808344,
          0.54247695,
          1
        ]
      },
      {
        "date" : 729629125.299118,
        "title" : "Untitled",
        "transform" : [
          0.99844277,
          -8.257134e-09,
          0.055784617,
          0,
          0.027235346,
          0.872719,
          -0.48746258,
          0,
          -0.04868427,
          0.48822278,
          0.8713601,
          0,
          0.0040800227,
          0.004047595,
          0.2247921,
          1
        ]
      },
      {
        "date" : 729629090.437532,
        "title" : "Untitled",
        "transform" : [
          0.99844277,
          -8.257134e-09,
          0.055784617,
          0,
          0.027235346,
          0.872719,
          -0.48746258,
          0,
          -0.04868427,
          0.48822278,
          0.8713601,
          0,
          0.0062455125,
          0.0035804734,
          0.22517481,
          1
        ]
      },
      {
        "date" : 729629066.840978,
        "title" : "Untitled",
        "transform" : [
          0.99844277,
          -8.257134e-09,
          0.055784617,
          0,
          0.027235346,
          0.872719,
          -0.48746258,
          0,
          -0.04868427,
          0.48822278,
          0.8713601,
          0,
          0.0017024912,
          0.060926467,
          0.2919364,
          1
        ]
      },
      {
        "date" : 729629056.714127,
        "title" : "Untitled",
        "transform" : [
          0.99844277,
          -8.257134e-09,
          0.055784617,
          0,
          0.027235346,
          0.872719,
          -0.48746258,
          0,
          -0.04868427,
          0.48822278,
          0.8713601,
          0,
          -0.0050783567,
          0.2088072,
          0.20870003,
          1
        ]
      },
      {
        "date" : 729629055.404311,
        "title" : "Untitled",
        "transform" : [
          0.99844277,
          -8.257134e-09,
          0.055784617,
          0,
          0.027235346,
          0.872719,
          -0.48746258,
          0,
          -0.04868427,
          0.48822278,
          0.8713601,
          0,
          0.010920223,
          0.21899883,
          0.2038835,
          1
        ]
      },
      {
        "date" : 729629040.54286,
        "title" : "Untitled",
        "transform" : [
          0.99844277,
          -8.257134e-09,
          0.055784617,
          0,
          0.027235346,
          0.872719,
          -0.48746258,
          0,
          -0.04868427,
          0.48822278,
          0.8713601,
          0,
          0.0031548627,
          0.2968726,
          0.34286937,
          1
        ]
      },
      {
        "date" : 729629038.580591,
        "title" : "Untitled",
        "transform" : [
          0.99844277,
          -8.257134e-09,
          0.055784617,
          0,
          0.027235346,
          0.872719,
          -0.48746258,
          0,
          -0.04868427,
          0.48822278,
          0.8713601,
          0,
          -0.047925238,
          0.3058513,
          0.33498475,
          1
        ]
      },
      {
        "date" : 729629012.272569,
        "title" : "Untitled",
        "transform" : [
          0.9999934,
          -8.41428e-09,
          0.0036520178,
          0,
          0.0020336448,
          0.8306136,
          -0.55684555,
          0,
          -0.0030333875,
          0.55684924,
          0.8306081,
          0,
          -0.030353693,
          0.33256552,
          0.3258106,
          1
        ]
      },
      {
        "date" : 729629007.076335,
        "title" : "Untitled",
        "transform" : [
          0.9999934,
          -8.41428e-09,
          0.0036520178,
          0,
          0.0020336448,
          0.8306136,
          -0.55684555,
          0,
          -0.0030333875,
          0.55684924,
          0.8306081,
          0,
          -0.026562603,
          0.336946,
          0.32888514,
          1
        ]
      }
    ],
    "AF09ED6F-1707-48FD-8720-65B998362C09" : [
      {
        "date" : 729626781.517239,
        "title" : "Untitled",
        "transform" : [
          1,
          0,
          0,
          0,
          0,
          0.8660249,
          -0.5000009,
          0,
          0,
          0.5000009,
          0.8660249,
          0,
          0,
          2.3665733,
          1.981686,
          1
        ]
      },
      {
        "date" : 729626757.896912,
        "title" : "Untitled",
        "transform" : [
          1,
          0,
          -0,
          0,
          -0,
          0.8660249,
          -0.5000009,
          0,
          0,
          0.5000009,
          0.8660249,
          0,
          0,
          3.4141774,
          3.7961895,
          1
        ]
      }
    ],
    "D66134B1-3681-4A8E-AFE5-29F257229F3B" : [
      {
        "date" : 729628659.366649,
        "title" : "Untitled",
        "transform" : [
          0.99999994,
          0,
          0,
          0,
          0,
          0.8660254,
          -0.49999988,
          0,
          0,
          0.49999988,
          0.8660254,
          0,
          0,
          0.20072338,
          0.34785894,
          1
        ]
      },
      {
        "date" : 729626890.597971,
        "title" : "Untitled",
        "transform" : [
          0.99999994,
          0,
          -0,
          0,
          -0,
          0.8660254,
          -0.49999988,
          0,
          0,
          0.49999988,
          0.8660254,
          0,
          0,
          0.20502514,
          0.355314,
          1
        ]
      }
    ]
  },
  "selectedSceneRelativePath" : "SceneRocket.usda"
}